Population
NumberOfIndividuals,16
Individual
IDNumber,0
NumberOfNotes,219
Event
35,100,0,8
35,100,8,8
35,100,16,8
35,100,24,8
39,100,32,16
35,100,48,8
35,100,56,8
35,100,64,8
40,100,72,16
35,100,88,8
35,100,96,8
37,100,104,16
35,100,120,8
35,100,128,8
35,100,136,8
37,100,144,16
37,100,160,16
39,100,176,16
35,100,192,8
39,100,200,16
37,100,216,16
37,100,232,16
39,100,248,8
39,100,256,16
39,100,272,16
35,100,288,8
37,100,296,16
35,100,312,8
39,100,320,16
37,100,336,16
35,100,352,8
35,100,360,16
35,100,376,8
40,100,384,16
37,100,400,16
40,100,416,16
35,100,432,16
39,100,448,16
40,100,464,16
40,100,480,16
40,100,496,16
37,100,512,16
39,100,528,16
39,100,544,16
40,100,560,16
37,100,576,16
37,100,592,16
35,100,608,16
39,100,624,16
39,100,640,16
37,100,656,16
35,100,672,16
35,100,688,16
39,100,704,16
39,100,720,16
40,100,736,16
35,100,752,16
35,100,768,16
39,100,784,16
40,100,800,16
40,100,816,16
35,100,832,16
35,100,848,16
40,100,864,16
40,100,880,16
40,100,896,16
35,100,912,16
40,100,928,16
40,100,944,16
37,60,960,16
39,100,976,8
39,100,984,8
39,100,992,8
39,100,1000,8
43,100,1008,16
39,100,1024,8
39,100,1032,8
39,100,1040,8
44,100,1048,16
39,100,1064,8
39,100,1072,8
41,100,1080,8
39,100,1088,8
39,100,1096,8
39,100,1104,8
41,100,1112,16
41,100,1128,16
43,100,1144,8
39,100,1152,8
43,100,1160,16
41,100,1176,16
41,100,1192,16
43,100,1208,8
43,100,1216,16
43,100,1232,16
39,100,1248,8
41,100,1256,16
39,100,1272,8
43,100,1280,16
41,100,1296,16
39,100,1312,8
39,100,1320,16
39,100,1336,8
44,100,1344,16
41,100,1360,16
44,100,1376,16
39,100,1392,16
43,100,1408,16
44,100,1424,16
44,100,1440,16
44,100,1456,16
41,100,1472,16
43,100,1488,16
43,100,1504,16
44,100,1520,16
41,100,1536,16
41,100,1552,16
39,100,1568,16
43,100,1584,16
43,100,1600,16
41,100,1616,16
39,100,1632,16
39,100,1648,16
43,100,1664,16
43,100,1680,16
44,100,1696,16
39,100,1712,16
39,100,1728,16
43,100,1744,16
44,100,1760,16
44,100,1776,16
39,100,1792,16
39,100,1808,16
44,100,1824,16
44,100,1840,16
44,100,1856,16
39,100,1872,16
44,100,1888,16
44,100,1904,16
41,60,1920,16
41,100,1936,16
42,100,1952,32
25,70,0,64
22,70,0,64
26,60,64,64
28,60,64,64
30,60,64,64
28,60,128,64
30,60,128,64
25,60,128,64
28,60,192,64
30,60,192,64
25,60,192,64
28,60,256,64
30,60,256,64
25,60,256,64
28,60,320,64
30,60,320,64
25,60,320,64
26,60,384,64
28,60,384,64
30,60,384,64
26,70,448,64
23,70,448,64
26,60,512,64
28,60,512,64
30,60,512,64
28,60,576,64
30,60,576,64
25,60,576,64
28,60,640,64
30,60,640,64
25,60,640,64
26,70,704,64
31,70,704,64
26,70,768,64
31,70,768,64
26,70,832,64
23,70,832,64
26,70,896,64
23,70,896,64
25,60,960,64
27,60,960,64
29,60,960,64
30,60,1024,64
32,60,1024,64
27,60,1024,64
27,70,1088,64
32,70,1088,64
27,70,1152,64
32,70,1152,64
27,70,1216,64
32,70,1216,64
27,70,1280,64
32,70,1280,64
30,60,1344,64
32,60,1344,64
27,60,1344,64
23,70,1408,64
20,70,1408,64
30,60,1472,64
32,60,1472,64
27,60,1472,64
27,70,1536,64
32,70,1536,64
27,70,1600,64
32,70,1600,64
25,60,1664,64
27,60,1664,64
29,60,1664,64
25,60,1728,64
27,60,1728,64
29,60,1728,64
25,70,1792,64
22,70,1792,64
25,70,1856,64
22,70,1856,64
27,70,1920,64
24,70,1920,64
Genom
HARMONIZE BARFIX44 FILP_4.0 RV RV S MS R_4 MS MS R_4 MS R_4 R_0 MS R_4 R_0 8 15 
\e
Individual
IDNumber,1
NumberOfNotes,5
Event
41,100,0,8
41,100,8,8
41,100,16,8
41,100,24,40
24,80,0,64
Genom
HARMONIZE BARFIX44 FILP_4.0 RV FILP_2.0 FILP_2.0 12 12 12 12 
\e
Individual
IDNumber,2
NumberOfNotes,218
Event
40,100,0,16
39,100,16,16
35,100,32,8
35,100,40,16
37,100,56,16
40,100,72,16
39,100,88,16
35,100,104,8
35,100,112,16
37,100,128,16
40,100,144,16
40,100,160,16
35,100,176,16
35,100,192,16
39,100,208,16
39,100,224,16
37,100,240,16
37,100,256,16
35,100,272,8
43,100,280,16
40,100,296,16
39,100,312,16
35,100,328,8
40,100,336,16
39,100,352,16
35,100,368,8
35,100,376,16
37,100,392,16
40,100,408,16
39,100,424,16
35,100,440,8
35,100,448,16
37,100,464,16
40,100,480,16
40,100,496,16
35,100,512,16
35,100,528,16
39,100,544,16
39,100,560,16
37,100,576,16
37,100,592,16
35,100,608,8
43,100,616,16
40,100,632,16
39,100,648,16
35,100,664,8
44,100,672,16
43,100,688,16
39,100,704,8
39,100,712,16
41,100,728,16
44,100,744,16
43,100,760,16
39,100,776,8
39,100,784,16
41,100,800,16
44,100,816,16
44,100,832,16
39,100,848,16
39,100,864,16
43,100,880,16
43,100,896,16
41,100,912,16
41,100,928,16
39,100,944,8
47,100,952,16
44,100,968,16
43,100,984,16
39,100,1000,8
44,100,1008,16
43,100,1024,16
39,100,1040,8
39,100,1048,16
41,100,1064,16
44,100,1080,16
43,100,1096,16
39,100,1112,8
39,100,1120,16
41,100,1136,16
44,100,1152,16
44,100,1168,16
39,100,1184,16
39,100,1200,16
43,100,1216,16
43,100,1232,16
41,100,1248,16
41,100,1264,16
39,100,1280,8
47,100,1288,16
44,100,1304,16
43,100,1320,16
39,100,1336,8
48,100,1344,16
47,100,1360,16
43,100,1376,8
43,100,1384,16
45,100,1400,16
48,100,1416,16
47,100,1432,16
43,100,1448,8
43,100,1456,16
45,100,1472,16
48,100,1488,16
48,100,1504,16
43,100,1520,16
43,100,1536,16
47,100,1552,16
47,100,1568,16
45,100,1584,16
45,100,1600,16
43,100,1616,8
51,100,1624,16
48,100,1640,16
47,100,1656,16
43,100,1672,8
48,100,1680,16
47,100,1696,16
43,100,1712,8
43,100,1720,16
45,100,1736,16
48,100,1752,16
47,100,1768,16
43,100,1784,8
43,100,1792,16
45,100,1808,16
48,100,1824,16
48,100,1840,16
43,100,1856,16
43,100,1872,16
47,100,1888,16
47,100,1904,16
45,100,1920,16
45,100,1936,16
43,100,1952,8
51,100,1960,16
48,100,1976,16
47,100,1992,16
43,100,2008,8
41,100,2016,16
42,100,2032,16
26,70,0,64
31,70,0,64
26,60,64,64
28,60,64,64
30,60,64,64
26,60,128,64
28,60,128,64
30,60,128,64
28,60,192,64
30,60,192,64
25,60,192,64
26,70,256,64
31,70,256,64
26,70,320,64
31,70,320,64
26,60,384,64
28,60,384,64
30,60,384,64
26,60,448,64
28,60,448,64
30,60,448,64
25,70,512,64
22,70,512,64
23,70,576,64
28,70,576,64
26,70,640,64
31,70,640,64
30,60,704,64
32,60,704,64
27,60,704,64
30,60,768,64
32,60,768,64
27,60,768,64
25,60,832,64
27,60,832,64
29,60,832,64
27,70,896,64
32,70,896,64
26,70,960,64
31,70,960,64
27,70,1024,64
32,70,1024,64
30,60,1088,64
32,60,1088,64
27,60,1088,64
25,70,1152,64
22,70,1152,64
27,70,1216,64
24,70,1216,64
26,70,1280,64
31,70,1280,64
27,70,1344,64
32,70,1344,64
27,60,1408,64
29,60,1408,64
31,60,1408,64
27,60,1472,64
29,60,1472,64
31,60,1472,64
29,60,1536,64
31,60,1536,64
26,60,1536,64
27,70,1600,64
32,70,1600,64
27,70,1664,64
32,70,1664,64
27,60,1728,64
29,60,1728,64
31,60,1728,64
27,60,1792,64
29,60,1792,64
31,60,1792,64
26,70,1856,64
23,70,1856,64
24,70,1920,64
29,70,1920,64
27,70,1984,64
32,70,1984,64
Genom
HARMONIZE BARFIX44 FILP_4.0 RV RV RV SR_4.0 MS MS R_4 R_0 6 SR_4.0 0 4 15 
\e
Individual
IDNumber,3
NumberOfNotes,21
Event
39,100,0,16
40,100,0,16
43,100,0,16
35,100,16,16
36,100,32,16
39,100,48,16
31,100,64,16
32,100,80,16
35,100,96,16
35,100,112,16
36,100,128,32
39,100,160,32
22,80,0,64
23,80,64,64
25,70,128,64
30,70,128,64
28,60,192,64
30,60,192,64
25,60,192,64
25,70,256,64
22,70,256,64
Genom
HARMONIZE BARFIX44 FILP_4.0 RV RV RV RV RV 6 IV IV IV R_1 
\e
Individual
IDNumber,4
NumberOfNotes,286
Event
52,100,0,8
36,100,8,16
52,100,24,8
35,100,32,16
50,100,48,16
50,100,64,16
48,100,80,16
48,100,96,16
52,100,112,16
52,100,128,16
47,100,144,16
47,100,160,16
48,100,176,16
47,100,176,16
44,100,176,16
52,100,192,8
36,100,200,16
52,100,216,8
35,100,224,16
50,100,240,16
50,100,256,16
48,100,272,16
48,100,288,16
52,100,304,16
52,100,320,16
47,100,336,16
47,100,352,16
48,100,368,16
47,100,368,16
44,100,368,16
52,100,384,8
36,100,392,16
52,100,408,8
35,100,416,16
50,100,432,16
50,100,448,16
48,100,464,16
48,100,480,16
52,100,496,16
52,100,512,16
47,100,528,16
47,100,544,16
48,100,560,16
47,100,560,16
44,100,560,16
52,100,576,8
36,100,584,16
52,100,600,8
35,100,608,16
50,100,624,16
50,100,640,16
48,100,656,16
48,100,672,16
52,100,688,16
52,100,704,16
47,100,720,16
47,100,736,16
48,100,752,16
47,100,752,16
44,100,752,16
46,100,768,16
45,100,784,16
52,100,800,8
36,100,808,16
52,100,824,8
35,100,832,16
50,100,848,16
50,100,864,16
48,100,880,16
48,100,896,16
52,100,912,16
52,100,928,16
47,100,944,16
47,100,960,16
48,100,976,16
47,100,976,16
44,100,976,16
52,100,992,8
36,100,1000,16
52,100,1016,8
35,100,1024,16
50,100,1040,16
50,100,1056,16
48,100,1072,16
48,100,1088,16
52,100,1104,16
52,100,1120,16
47,100,1136,16
47,100,1152,16
48,100,1168,16
47,100,1168,16
44,100,1168,16
46,100,1184,16
45,100,1200,16
52,100,1216,8
36,100,1224,16
52,100,1240,8
35,100,1248,16
50,100,1264,16
50,100,1280,16
48,100,1296,16
48,100,1312,16
52,100,1328,16
52,100,1344,16
47,100,1360,16
47,100,1376,16
48,100,1392,16
47,100,1392,16
44,100,1392,16
52,100,1408,8
36,100,1416,16
52,100,1432,8
35,100,1440,16
50,100,1456,16
50,100,1472,16
48,100,1488,16
48,100,1504,16
52,100,1520,16
52,100,1536,16
47,100,1552,16
47,100,1568,16
48,100,1584,16
47,100,1584,16
44,100,1584,16
52,100,1600,8
36,100,1608,16
52,100,1624,8
35,100,1632,16
50,100,1648,16
50,100,1664,16
48,100,1680,16
48,100,1696,16
52,100,1712,16
52,100,1728,16
47,100,1744,16
47,100,1760,16
48,100,1776,16
47,100,1776,16
44,100,1776,16
52,100,1792,8
36,100,1800,16
52,100,1816,8
35,100,1824,16
50,100,1840,16
50,100,1856,16
48,100,1872,16
48,100,1888,16
52,100,1904,16
52,100,1920,16
47,100,1936,16
47,100,1952,16
48,100,1968,16
47,100,1968,16
44,100,1968,16
46,100,1984,16
45,100,2000,16
52,100,2016,8
36,100,2024,16
52,100,2040,8
35,100,2048,16
50,100,2064,16
50,100,2080,16
48,100,2096,16
48,100,2112,16
52,100,2128,16
52,100,2144,16
47,100,2160,16
47,100,2176,16
48,100,2192,16
47,100,2192,16
44,100,2192,16
52,100,2208,8
36,100,2216,16
52,100,2232,8
35,100,2240,16
50,100,2256,16
50,100,2272,16
48,100,2288,16
48,100,2304,16
52,100,2320,16
52,100,2336,16
47,100,2352,16
47,100,2368,16
48,100,2384,16
47,100,2384,16
44,100,2384,16
46,100,2400,16
45,100,2416,16
24,60,0,64
26,60,0,64
28,60,0,64
27,60,64,64
29,60,64,64
31,60,64,64
27,70,128,64
32,70,128,64
24,60,192,64
26,60,192,64
28,60,192,64
27,60,256,64
29,60,256,64
31,60,256,64
27,70,320,64
32,70,320,64
24,60,384,64
26,60,384,64
28,60,384,64
27,60,448,64
29,60,448,64
31,60,448,64
27,70,512,64
32,70,512,64
24,60,576,64
26,60,576,64
28,60,576,64
27,60,640,64
29,60,640,64
31,60,640,64
27,70,704,64
32,70,704,64
25,60,768,64
27,60,768,64
29,60,768,64
27,70,832,64
32,70,832,64
27,60,896,64
29,60,896,64
31,60,896,64
27,70,960,64
32,70,960,64
27,70,1024,64
32,70,1024,64
27,60,1088,64
29,60,1088,64
31,60,1088,64
27,70,1152,64
32,70,1152,64
24,60,1216,64
26,60,1216,64
28,60,1216,64
27,60,1280,64
29,60,1280,64
31,60,1280,64
27,70,1344,64
32,70,1344,64
24,60,1408,64
26,60,1408,64
28,60,1408,64
27,60,1472,64
29,60,1472,64
31,60,1472,64
27,70,1536,64
32,70,1536,64
24,60,1600,64
26,60,1600,64
28,60,1600,64
27,60,1664,64
29,60,1664,64
31,60,1664,64
27,70,1728,64
32,70,1728,64
24,60,1792,64
26,60,1792,64
28,60,1792,64
27,60,1856,64
29,60,1856,64
31,60,1856,64
27,70,1920,64
32,70,1920,64
25,60,1984,64
27,60,1984,64
29,60,1984,64
27,70,2048,64
32,70,2048,64
27,60,2112,64
29,60,2112,64
31,60,2112,64
27,70,2176,64
32,70,2176,64
27,70,2240,64
32,70,2240,64
27,60,2304,64
29,60,2304,64
31,60,2304,64
27,70,2368,64
32,70,2368,64
Genom
HARMONIZE BARFIX44 IV SR_4.0 SR_4.0 MS MS R_4 R_0 TP_10.0 15 6 R_15 
\e
Individual
IDNumber,5
NumberOfNotes,4
Event
41,100,0,8
41,100,8,8
41,100,16,48
24,80,0,64
Genom
HARMONIZE BARFIX44 RV IV IV MS MS 12 12 12 
\e
Individual
IDNumber,6
NumberOfNotes,26
Event
41,100,0,8
43,100,8,16
42,100,8,16
39,100,8,16
41,100,24,8
43,100,32,16
42,100,32,16
39,100,32,16
43,100,48,16
42,100,48,16
39,100,48,16
41,100,64,8
43,100,72,16
42,100,72,16
39,100,72,16
41,100,88,8
43,100,96,16
42,100,96,16
39,100,96,16
43,100,112,16
42,100,112,16
39,100,112,16
27,70,0,64
32,70,0,64
27,70,64,64
32,70,64,64
Genom
HARMONIZE BARFIX44 IV SR_4.0 SR_4.0 12 RV RV 6 6 
\e
Individual
IDNumber,7
NumberOfNotes,16
Event
43,100,0,16
42,100,0,16
39,100,0,16
43,100,16,16
42,100,16,16
39,100,16,16
43,100,32,16
42,100,32,16
39,100,32,16
43,100,48,16
42,100,48,16
39,100,48,16
19,80,0,64
18,80,64,64
25,70,128,64
30,70,128,64
Genom
HARMONIZE BARFIX44 IV SR_4.0 RV RV RV 6 6 
\e
Individual
IDNumber,8
NumberOfNotes,4
Event
55,100,0,16
56,100,16,48
27,70,0,64
24,70,0,64
Genom
HARMONIZE BARFIX44 TP_7.0 R_15 
\e
Individual
IDNumber,9
NumberOfNotes,23
Event
39,100,0,16
40,100,0,16
43,100,0,16
35,100,16,16
36,100,32,16
39,100,48,16
39,100,64,16
40,100,80,16
43,100,96,16
35,100,112,16
36,100,128,16
39,100,144,16
41,100,160,16
42,100,176,16
22,80,0,64
23,80,64,64
25,70,128,64
30,70,128,64
29,60,192,64
31,60,192,64
26,60,192,64
27,70,256,64
32,70,256,64
Genom
HARMONIZE BARFIX44 FILP_4.0 RV 6 R_15 
\e
Individual
IDNumber,10
NumberOfNotes,332
Event
42,100,0,8
40,60,8,16
40,60,24,16
40,100,40,16
38,100,56,8
42,100,64,16
40,100,80,16
38,60,96,16
37,100,112,16
38,100,128,16
42,100,144,16
40,100,160,16
38,60,176,16
40,100,192,16
38,100,208,16
42,100,224,16
40,100,240,16
38,60,256,16
40,100,272,16
38,100,288,16
42,100,304,16
40,100,320,16
38,60,336,16
36,60,352,16
38,100,368,16
36,100,384,16
40,100,400,16
38,100,416,16
36,60,432,16
38,100,448,16
36,100,464,16
40,100,480,16
38,100,496,16
40,100,512,16
38,100,528,16
42,100,544,16
40,100,560,16
40,100,576,16
42,100,592,16
42,100,608,8
42,100,616,8
42,100,624,8
42,100,632,8
38,100,640,16
42,100,656,8
42,100,664,8
40,60,672,16
37,100,688,16
38,100,704,16
42,100,720,8
40,60,728,16
40,60,744,16
40,60,760,8
38,100,768,16
40,100,784,16
40,60,800,16
37,100,816,16
40,60,832,16
38,100,848,16
40,100,864,16
40,60,880,16
37,100,896,16
42,100,912,16
38,100,928,16
40,100,944,16
40,60,960,16
40,100,976,16
42,100,992,16
38,100,1008,16
40,100,1024,16
38,60,1040,16
40,100,1056,16
42,100,1072,16
38,100,1088,16
37,100,1104,16
38,60,1120,16
40,100,1136,16
42,100,1152,16
38,100,1168,16
37,100,1184,16
38,60,1200,16
40,100,1216,16
42,100,1232,16
38,100,1248,16
37,100,1264,16
38,60,1280,16
40,100,1296,16
42,100,1312,16
38,100,1328,16
37,100,1344,16
38,60,1360,16
40,100,1376,16
42,100,1392,16
38,100,1408,16
40,100,1424,16
38,60,1440,16
40,100,1456,16
42,100,1472,16
38,100,1488,16
40,100,1504,16
38,60,1520,16
40,100,1536,16
42,100,1552,16
38,100,1568,16
40,100,1584,16
38,60,1600,16
40,100,1616,16
42,100,1632,16
38,100,1648,16
40,100,1664,16
38,60,1680,16
40,100,1696,16
42,100,1712,16
38,100,1728,16
40,100,1744,16
38,60,1760,16
40,100,1776,16
42,100,1792,16
38,100,1808,16
40,100,1824,16
38,60,1840,16
40,100,1856,16
42,100,1872,16
38,100,1888,16
40,100,1904,16
38,60,1920,16
40,100,1936,16
42,100,1952,16
38,100,1968,16
40,100,1984,16
38,60,2000,16
40,100,2016,16
42,100,2032,16
38,100,2048,16
36,60,2064,16
38,60,2080,16
40,100,2096,16
42,100,2112,16
38,100,2128,16
36,60,2144,16
38,60,2160,16
40,100,2176,16
36,100,2192,16
38,100,2208,16
36,60,2224,16
38,60,2240,16
40,100,2256,16
36,100,2272,16
38,100,2288,16
36,60,2304,16
38,100,2320,16
40,100,2336,16
36,100,2352,16
38,100,2368,16
36,60,2384,16
38,100,2400,16
40,100,2416,16
36,100,2432,16
38,100,2448,16
36,60,2464,16
38,100,2480,16
40,100,2496,16
36,100,2512,16
38,100,2528,16
36,60,2544,16
38,100,2560,16
40,100,2576,16
36,100,2592,16
38,100,2608,16
36,60,2624,16
38,100,2640,16
40,100,2656,16
36,100,2672,16
38,100,2688,16
40,100,2704,16
38,100,2720,16
40,100,2736,16
36,100,2752,16
38,100,2768,16
40,100,2784,16
38,100,2800,16
40,100,2816,16
42,100,2832,16
38,100,2848,16
40,100,2864,16
38,100,2880,16
40,100,2896,16
42,100,2912,16
38,100,2928,16
40,100,2944,16
40,100,2960,16
40,100,2976,16
42,100,2992,16
38,100,3008,16
42,100,3024,16
40,100,3040,16
40,100,3056,16
42,100,3072,16
40,100,3088,16
42,100,3104,16
42,100,3120,16
40,100,3136,16
40,100,3152,16
42,100,3168,16
42,100,3184,8
38,100,3192,8
37,100,3200,16
36,100,3216,16
35,100,3232,32
26,70,0,64
31,70,0,64
26,60,64,64
28,60,64,64
30,60,64,64
26,70,128,64
31,70,128,64
26,70,192,64
31,70,192,64
26,70,256,64
31,70,256,64
29,60,320,64
31,60,320,64
26,60,320,64
29,60,384,64
31,60,384,64
26,60,384,64
29,60,448,64
31,60,448,64
26,60,448,64
26,70,512,64
31,70,512,64
26,70,576,64
23,70,576,64
26,60,640,64
28,60,640,64
30,60,640,64
26,70,704,64
31,70,704,64
26,60,768,64
28,60,768,64
30,60,768,64
26,70,832,64
23,70,832,64
26,60,896,64
28,60,896,64
30,60,896,64
26,70,960,64
31,70,960,64
26,70,1024,64
31,70,1024,64
26,60,1088,64
28,60,1088,64
30,60,1088,64
24,60,1152,64
26,60,1152,64
28,60,1152,64
26,60,1216,64
28,60,1216,64
30,60,1216,64
26,70,1280,64
31,70,1280,64
26,60,1344,64
28,60,1344,64
30,60,1344,64
26,70,1408,64
23,70,1408,64
26,70,1472,64
31,70,1472,64
26,70,1536,64
31,70,1536,64
26,70,1600,64
31,70,1600,64
26,70,1664,64
31,70,1664,64
26,70,1728,64
23,70,1728,64
26,70,1792,64
31,70,1792,64
26,70,1856,64
31,70,1856,64
26,70,1920,64
31,70,1920,64
26,70,1984,64
31,70,1984,64
29,60,2048,64
31,60,2048,64
26,60,2048,64
24,60,2112,64
26,60,2112,64
28,60,2112,64
29,60,2176,64
31,60,2176,64
26,60,2176,64
29,60,2240,64
31,60,2240,64
26,60,2240,64
29,60,2304,64
31,60,2304,64
26,60,2304,64
29,60,2368,64
31,60,2368,64
26,60,2368,64
24,70,2432,64
21,70,2432,64
29,60,2496,64
31,60,2496,64
26,60,2496,64
29,60,2560,64
31,60,2560,64
26,60,2560,64
29,60,2624,64
31,60,2624,64
26,60,2624,64
26,70,2688,64
23,70,2688,64
29,60,2752,64
31,60,2752,64
26,60,2752,64
26,70,2816,64
31,70,2816,64
26,70,2880,64
31,70,2880,64
26,70,2944,64
23,70,2944,64
26,70,3008,64
31,70,3008,64
26,70,3072,64
23,70,3072,64
26,70,3136,64
31,70,3136,64
23,70,3200,64
28,70,3200,64
Genom
HARMONIZE BARFIX44 IV S S MS R_4 FILP_2.0 FILP_2.0 FILP_2.0 8 0 0 0 S MS R_4 MS R_4 MS R_4 FILP_2.0 FILP_2.0 FILP_2.0 8 0 0 0 4 15 
\e
Individual
IDNumber,11
NumberOfNotes,251
Event
43,100,0,16
40,100,16,16
39,100,32,16
41,100,48,8
35,100,56,8
37,100,64,16
41,100,80,8
41,100,88,8
35,100,96,16
35,100,112,16
37,100,128,16
43,100,144,16
41,100,160,8
40,100,168,16
35,100,184,8
40,100,192,16
43,100,208,16
39,100,224,16
40,100,240,16
39,100,256,16
39,100,272,16
37,100,288,16
37,100,304,16
35,100,320,8
35,100,328,16
37,100,344,16
37,100,360,16
39,100,376,8
39,60,384,16
35,100,400,16
37,100,416,16
37,60,432,16
47,100,448,16
44,100,464,16
43,100,480,16
45,100,496,8
39,100,504,8
41,100,512,16
45,100,528,8
45,100,536,8
39,100,544,16
39,100,560,16
41,100,576,16
47,100,592,16
45,100,608,8
44,100,616,16
39,100,632,8
44,100,640,16
47,100,656,16
43,100,672,16
44,100,688,16
43,100,704,16
43,100,720,16
41,100,736,16
41,100,752,16
39,100,768,8
39,100,776,16
41,100,792,16
41,100,808,16
43,100,824,8
43,60,832,16
39,100,848,16
41,100,864,16
41,60,880,16
51,100,896,16
48,100,912,16
47,100,928,16
49,100,944,8
43,100,952,8
45,100,960,16
49,100,976,8
49,100,984,8
43,100,992,16
43,100,1008,16
45,100,1024,16
51,100,1040,16
49,100,1056,8
48,100,1064,16
43,100,1080,8
48,100,1088,16
51,100,1104,16
47,100,1120,16
48,100,1136,16
47,100,1152,16
47,100,1168,16
45,100,1184,16
45,100,1200,16
43,100,1216,8
43,100,1224,16
45,100,1240,16
45,100,1256,16
47,100,1272,8
47,60,1280,16
43,100,1296,16
45,100,1312,16
45,60,1328,16
43,100,1344,16
40,100,1360,16
39,100,1376,16
41,100,1392,8
35,100,1400,8
37,100,1408,16
41,100,1424,8
41,100,1432,8
35,100,1440,16
35,100,1456,16
37,100,1472,16
43,100,1488,16
41,100,1504,8
40,100,1512,16
35,100,1528,8
40,100,1536,16
43,100,1552,16
39,100,1568,16
40,100,1584,16
39,100,1600,16
39,100,1616,16
37,100,1632,16
37,100,1648,16
35,100,1664,8
35,100,1672,16
37,100,1688,16
37,100,1704,16
39,100,1720,8
39,60,1728,16
35,100,1744,16
37,100,1760,16
37,60,1776,16
47,100,1792,16
44,100,1808,16
43,100,1824,16
45,100,1840,8
39,100,1848,8
41,100,1856,16
45,100,1872,8
45,100,1880,8
39,100,1888,16
39,100,1904,16
41,100,1920,16
47,100,1936,16
45,100,1952,8
44,100,1960,16
39,100,1976,8
44,100,1984,16
47,100,2000,16
43,100,2016,16
44,100,2032,16
43,100,2048,16
43,100,2064,16
41,100,2080,16
41,100,2096,16
39,100,2112,8
39,100,2120,16
41,100,2136,16
41,100,2152,16
43,100,2168,8
43,60,2176,16
39,100,2192,16
41,100,2208,16
41,60,2224,16
41,100,2240,16
42,100,2256,48
27,70,0,64
32,70,0,64
30,60,64,64
32,60,64,64
27,60,64,64
30,60,128,64
32,60,128,64
27,60,128,64
29,60,192,64
31,60,192,64
26,60,192,64
25,70,256,64
22,70,256,64
28,60,320,64
30,60,320,64
25,60,320,64
28,60,384,64
30,60,384,64
25,60,384,64
26,70,448,64
31,70,448,64
27,60,512,64
29,60,512,64
31,60,512,64
27,70,576,64
32,70,576,64
26,70,640,64
31,70,640,64
27,70,704,64
24,70,704,64
27,70,768,64
32,70,768,64
27,70,832,64
32,70,832,64
30,60,896,64
32,60,896,64
27,60,896,64
24,60,960,64
26,60,960,64
28,60,960,64
27,70,1024,64
32,70,1024,64
30,60,1088,64
32,60,1088,64
27,60,1088,64
26,70,1152,64
23,70,1152,64
29,60,1216,64
31,60,1216,64
26,60,1216,64
29,60,1280,64
31,60,1280,64
26,60,1280,64
27,70,1344,64
32,70,1344,64
30,60,1408,64
32,60,1408,64
27,60,1408,64
30,60,1472,64
32,60,1472,64
27,60,1472,64
29,60,1536,64
31,60,1536,64
26,60,1536,64
25,70,1600,64
22,70,1600,64
28,60,1664,64
30,60,1664,64
25,60,1664,64
28,60,1728,64
30,60,1728,64
25,60,1728,64
26,70,1792,64
31,70,1792,64
27,60,1856,64
29,60,1856,64
31,60,1856,64
27,70,1920,64
32,70,1920,64
26,70,1984,64
31,70,1984,64
27,70,2048,64
24,70,2048,64
27,70,2112,64
32,70,2112,64
27,70,2176,64
32,70,2176,64
27,70,2240,64
24,70,2240,64
Genom
HARMONIZE BARFIX44 FILP_4.0 RV FILP_2.0 FILP_2.0 FILP_2.0 8 0 0 S MS R_4 MS SR_4.0 0 12 6 6 R_15 
\e
Individual
IDNumber,12
NumberOfNotes,5
Event
35,100,0,16
36,100,16,32
39,100,48,16
25,70,0,64
30,70,0,64
Genom
HARMONIZE BARFIX44 RV RV RV R_1 
\e
Individual
IDNumber,13
NumberOfNotes,313
Event
37,60,0,16
37,100,16,16
35,100,32,16
39,60,48,16
39,100,64,16
37,100,80,16
37,100,96,16
35,100,112,16
39,60,128,16
39,100,144,16
37,100,160,16
41,60,176,16
41,100,192,16
39,100,208,16
39,100,224,16
37,100,240,16
37,100,256,16
35,100,272,16
35,100,288,8
35,100,296,8
35,100,304,8
35,100,312,8
39,100,320,16
35,100,336,8
35,100,344,8
37,60,352,16
40,100,368,16
39,100,384,16
35,100,400,8
37,60,408,16
37,60,424,16
37,60,440,16
39,100,456,16
37,100,472,16
37,60,488,16
40,100,504,16
37,60,520,16
39,100,536,16
37,100,552,16
37,60,568,16
40,100,584,16
35,100,600,16
39,100,616,16
37,100,632,16
37,60,648,16
37,100,664,16
35,100,680,16
39,100,696,16
37,100,712,16
39,60,728,16
37,100,744,16
35,100,760,16
39,100,776,16
40,100,792,16
39,60,808,16
37,100,824,16
35,100,840,16
39,100,856,16
40,100,872,16
39,60,888,16
37,100,904,16
35,100,920,16
39,100,936,16
40,100,952,16
39,60,968,16
37,100,984,16
35,100,1000,16
39,100,1016,16
40,100,1032,16
39,60,1048,16
37,100,1064,16
35,100,1080,16
39,100,1096,16
37,100,1112,16
39,60,1128,16
37,100,1144,16
35,100,1160,16
39,100,1176,16
37,100,1192,16
39,60,1208,16
37,100,1224,16
35,100,1240,16
39,100,1256,16
37,100,1272,16
39,60,1288,16
37,100,1304,16
35,100,1320,16
39,100,1336,16
37,100,1352,16
39,60,1368,16
37,100,1384,16
35,100,1400,16
39,100,1416,16
37,100,1432,16
39,60,1448,16
37,100,1464,16
35,100,1480,16
39,100,1496,16
37,100,1512,16
39,60,1528,16
37,100,1544,16
35,100,1560,16
39,100,1576,16
37,100,1592,16
39,60,1608,16
37,100,1624,16
35,100,1640,16
39,100,1656,16
37,100,1672,16
39,60,1688,16
37,100,1704,16
35,100,1720,16
39,100,1736,16
41,60,1752,16
39,60,1768,16
37,100,1784,16
35,100,1800,16
39,100,1816,16
41,60,1832,16
39,60,1848,16
37,100,1864,16
41,100,1880,16
39,100,1896,16
41,60,1912,16
39,60,1928,16
37,100,1944,16
41,100,1960,16
39,100,1976,16
41,60,1992,16
39,100,2008,16
37,100,2024,16
41,100,2040,16
39,100,2056,16
41,60,2072,16
39,100,2088,16
37,100,2104,16
41,100,2120,16
39,100,2136,16
41,60,2152,16
39,100,2168,16
37,100,2184,16
41,100,2200,16
39,100,2216,16
41,60,2232,16
39,100,2248,16
37,100,2264,16
41,100,2280,16
39,100,2296,16
41,60,2312,16
39,100,2328,16
37,100,2344,16
41,100,2360,16
39,100,2376,16
37,100,2392,16
39,100,2408,16
37,100,2424,16
41,100,2440,16
39,100,2456,16
37,100,2472,16
39,100,2488,16
37,100,2504,16
35,100,2520,16
39,100,2536,16
37,100,2552,16
39,100,2568,16
37,100,2584,16
35,100,2600,16
39,100,2616,16
37,100,2632,16
37,100,2648,16
37,100,2664,16
35,100,2680,16
39,100,2696,16
35,100,2712,16
37,100,2728,16
37,100,2744,16
35,100,2760,16
37,100,2776,16
35,100,2792,16
35,100,2808,16
37,100,2824,16
37,100,2840,16
35,100,2856,16
35,100,2872,8
42,100,2880,16
39,100,2896,16
41,100,2912,16
40,100,2928,16
28,60,0,64
30,60,0,64
25,60,0,64
28,60,64,64
30,60,64,64
25,60,64,64
30,60,128,64
32,60,128,64
27,60,128,64
30,60,192,64
32,60,192,64
27,60,192,64
23,70,256,64
20,70,256,64
26,60,320,64
28,60,320,64
30,60,320,64
28,60,384,64
30,60,384,64
25,60,384,64
25,70,448,64
22,70,448,64
26,60,512,64
28,60,512,64
30,60,512,64
26,60,576,64
28,60,576,64
30,60,576,64
23,70,640,64
20,70,640,64
25,70,704,64
22,70,704,64
26,70,768,64
31,70,768,64
26,60,832,64
28,60,832,64
30,60,832,64
28,60,896,64
30,60,896,64
25,60,896,64
26,60,960,64
28,60,960,64
30,60,960,64
26,60,1024,64
28,60,1024,64
30,60,1024,64
28,60,1088,64
30,60,1088,64
25,60,1088,64
28,60,1152,64
30,60,1152,64
25,60,1152,64
28,60,1216,64
30,60,1216,64
25,60,1216,64
28,60,1280,64
30,60,1280,64
25,60,1280,64
25,70,1344,64
22,70,1344,64
28,60,1408,64
30,60,1408,64
25,60,1408,64
28,60,1472,64
30,60,1472,64
25,60,1472,64
28,60,1536,64
30,60,1536,64
25,60,1536,64
28,60,1600,64
30,60,1600,64
25,60,1600,64
25,70,1664,64
22,70,1664,64
27,70,1728,64
32,70,1728,64
30,60,1792,64
32,60,1792,64
27,60,1792,64
30,60,1856,64
32,60,1856,64
27,60,1856,64
30,60,1920,64
32,60,1920,64
27,60,1920,64
30,60,1984,64
32,60,1984,64
27,60,1984,64
27,70,2048,64
24,70,2048,64
30,60,2112,64
32,60,2112,64
27,60,2112,64
30,60,2176,64
32,60,2176,64
27,60,2176,64
30,60,2240,64
32,60,2240,64
27,60,2240,64
30,60,2304,64
32,60,2304,64
27,60,2304,64
30,60,2368,64
32,60,2368,64
27,60,2368,64
30,60,2432,64
32,60,2432,64
27,60,2432,64
28,60,2496,64
30,60,2496,64
25,60,2496,64
28,60,2560,64
30,60,2560,64
25,60,2560,64
25,70,2624,64
22,70,2624,64
28,60,2688,64
30,60,2688,64
25,60,2688,64
23,70,2752,64
20,70,2752,64
23,70,2816,64
20,70,2816,64
27,70,2880,64
32,70,2880,64
Genom
HARMONIZE BARFIX44 RV IV IV MS RV FILP_2.0 FILP_2.0 FILP_2.0 FILP_2.0 8 0 0 0 S MS R_4 MS R_4 MS R_4 FILP_2.0 FILP_2.0 FILP_2.0 8 0 0 0 4 15 
\e
Individual
IDNumber,14
NumberOfNotes,93
Event
43,100,0,16
40,100,16,16
39,100,32,16
41,100,48,8
35,100,56,8
37,100,64,16
41,100,80,8
41,100,88,8
35,100,96,16
35,100,112,16
37,100,128,16
40,100,144,16
41,100,160,8
41,100,168,8
35,100,176,16
39,100,192,16
41,100,208,8
37,100,216,16
37,100,232,16
35,100,248,8
35,100,256,16
37,100,272,16
37,100,288,16
39,100,304,16
39,60,320,16
35,100,336,16
37,100,352,16
37,60,368,16
47,100,384,16
44,100,400,16
43,100,416,16
45,100,432,8
39,100,440,8
41,100,448,16
45,100,464,8
45,100,472,8
39,100,480,16
39,100,496,16
41,100,512,16
44,100,528,16
45,100,544,8
45,100,552,8
39,100,560,16
43,100,576,16
45,100,592,8
41,100,600,16
41,100,616,16
39,100,632,8
39,100,640,16
41,100,656,16
41,100,672,16
43,100,688,16
43,60,704,16
39,100,720,16
41,100,736,16
41,60,752,16
39,100,768,16
40,100,784,16
43,100,800,32
27,70,0,64
32,70,0,64
30,60,64,64
32,60,64,64
27,60,64,64
30,60,128,64
32,60,128,64
27,60,128,64
30,60,192,64
32,60,192,64
27,60,192,64
28,60,256,64
30,60,256,64
25,60,256,64
28,60,320,64
30,60,320,64
25,60,320,64
26,70,384,64
31,70,384,64
27,60,448,64
29,60,448,64
31,60,448,64
27,70,512,64
32,70,512,64
27,60,576,64
29,60,576,64
31,60,576,64
27,70,640,64
32,70,640,64
27,70,704,64
32,70,704,64
29,60,768,64
31,60,768,64
26,60,768,64
Genom
HARMONIZE BARFIX44 FILP_4.0 RV FILP_2.0 FILP_2.0 FILP_2.0 8 0 0 S MS R_4 MS SR_4.0 0 12 12 RV RV RV 6 6 
\e
Individual
IDNumber,15
NumberOfNotes,243
Event
35,100,0,8
51,100,8,16
35,100,24,8
52,100,32,16
37,100,48,16
37,100,64,16
39,100,80,16
39,100,96,16
35,100,112,16
35,100,128,16
40,100,144,16
40,100,160,16
39,100,176,16
40,100,192,16
43,100,208,16
35,100,224,8
51,100,232,16
35,100,248,8
52,100,256,16
37,100,272,16
37,100,288,16
39,100,304,16
39,100,320,16
35,100,336,16
35,100,352,16
40,100,368,16
40,100,384,16
39,100,400,16
40,100,416,16
43,100,432,16
31,100,448,8
47,100,456,16
31,100,472,8
48,100,480,16
33,100,496,16
33,100,512,16
35,100,528,16
35,100,544,16
31,100,560,16
31,100,576,16
36,100,592,16
36,100,608,16
35,100,624,16
36,100,640,16
39,100,656,16
31,100,672,8
47,100,680,16
31,100,696,8
48,100,704,16
33,100,720,16
33,100,736,16
35,100,752,16
35,100,768,16
31,100,784,16
31,100,800,16
36,100,816,16
36,100,832,16
35,100,848,16
36,100,864,16
39,100,880,16
27,100,896,8
43,100,904,16
27,100,920,8
44,100,928,16
29,100,944,16
29,100,960,16
31,100,976,16
31,100,992,16
27,100,1008,16
27,100,1024,16
32,100,1040,16
32,100,1056,16
31,100,1072,16
32,100,1088,16
35,100,1104,16
27,100,1120,8
43,100,1128,16
27,100,1144,8
44,100,1152,16
29,100,1168,16
29,100,1184,16
31,100,1200,16
31,100,1216,16
27,100,1232,16
27,100,1248,16
32,100,1264,16
32,100,1280,16
31,100,1296,16
32,100,1312,16
35,100,1328,16
35,100,1344,8
51,100,1352,16
35,100,1368,8
52,100,1376,16
37,100,1392,16
37,100,1408,16
39,100,1424,16
39,100,1440,16
35,100,1456,16
35,100,1472,16
40,100,1488,16
40,100,1504,16
39,100,1520,16
40,100,1536,16
43,100,1552,16
35,100,1568,8
51,100,1576,16
35,100,1592,8
52,100,1600,16
37,100,1616,16
37,100,1632,16
39,100,1648,16
39,100,1664,16
35,100,1680,16
35,100,1696,16
40,100,1712,16
40,100,1728,16
39,100,1744,16
40,100,1760,16
43,100,1776,16
31,100,1792,8
47,100,1800,16
31,100,1816,8
48,100,1824,16
33,100,1840,16
33,100,1856,16
35,100,1872,16
35,100,1888,16
31,100,1904,16
31,100,1920,16
36,100,1936,16
36,100,1952,16
35,100,1968,16
36,100,1984,16
39,100,2000,16
31,100,2016,8
47,100,2024,16
31,100,2040,8
48,100,2048,16
33,100,2064,16
33,100,2080,16
35,100,2096,16
35,100,2112,16
31,100,2128,16
31,100,2144,16
36,100,2160,16
36,100,2176,16
35,100,2192,16
36,100,2208,16
39,100,2224,16
41,100,2240,16
42,100,2256,48
24,60,0,64
26,60,0,64
28,60,0,64
28,60,64,64
30,60,64,64
25,60,64,64
26,70,128,64
31,70,128,64
26,70,192,64
31,70,192,64
25,70,256,64
30,70,256,64
26,70,320,64
31,70,320,64
29,60,384,64
31,60,384,64
26,60,384,64
27,60,448,64
29,60,448,64
31,60,448,64
26,70,512,64
31,70,512,64
24,60,576,64
26,60,576,64
28,60,576,64
29,60,640,64
31,60,640,64
26,60,640,64
27,70,704,64
32,70,704,64
24,60,768,64
26,60,768,64
28,60,768,64
25,70,832,64
30,70,832,64
30,60,896,64
32,60,896,64
27,60,896,64
27,60,960,64
29,60,960,64
31,60,960,64
27,60,1024,64
29,60,1024,64
31,60,1024,64
27,70,1088,64
32,70,1088,64
24,70,1152,64
29,70,1152,64
27,60,1216,64
29,60,1216,64
31,60,1216,64
28,60,1280,64
30,60,1280,64
25,60,1280,64
24,60,1344,64
26,60,1344,64
28,60,1344,64
28,60,1408,64
30,60,1408,64
25,60,1408,64
26,70,1472,64
31,70,1472,64
26,70,1536,64
31,70,1536,64
25,70,1600,64
30,70,1600,64
26,70,1664,64
31,70,1664,64
29,60,1728,64
31,60,1728,64
26,60,1728,64
27,60,1792,64
29,60,1792,64
31,60,1792,64
26,70,1856,64
31,70,1856,64
24,60,1920,64
26,60,1920,64
28,60,1920,64
29,60,1984,64
31,60,1984,64
26,60,1984,64
27,70,2048,64
32,70,2048,64
24,60,2112,64
26,60,2112,64
28,60,2112,64
25,70,2176,64
30,70,2176,64
27,70,2240,64
24,70,2240,64
Genom
HARMONIZE BARFIX44 FILP_4.0 RV RV SR_4.0 MS MS R_4 R_0 TP_10.0 15 6 R_15 
\e
\e
